# Forest Deer (Venado Silvestre) - Passive Mob
# Format: BOX PosX PosY PosZ ScaleX ScaleY ScaleZ RotX RotY RotZ R G B Name

# Torso & Chest
BOX  0.00  1.10  0.00   0.55 0.55 1.25   0 0 0  0.48 0.32 0.18  BODY_TORSO
BOX  0.00  1.20  0.45   0.58 0.60 0.55   0 0 0  0.52 0.35 0.20  CHEST
BOX  0.00  0.92  0.00   0.48 0.26 0.90   0 0 0  0.62 0.48 0.32  BELLY

# Neck & Head
BOX  0.00  1.55  0.65   0.28 0.65 0.32   0.35 0 0  0.50 0.34 0.19  NECK
BOX  0.00  1.95  0.88   0.26 0.28 0.38   0.15 0 0  0.50 0.34 0.19  HEAD
BOX  0.00  1.88  1.12   0.18 0.16 0.24   0.10 0 0  0.25 0.18 0.12  SNOUT

# Eyes
BOX -0.14  1.96  1.00   0.05 0.05 0.08   0 0 0  0.15 0.10 0.08  EYE_L
BOX  0.14  1.96  1.00   0.05 0.05 0.08   0 0 0  0.15 0.10 0.08  EYE_R

# Ears
BOX -0.18  2.12  0.82   0.08 0.22 0.06   0 0 -0.35  0.48 0.32 0.18  EAR_L
BOX  0.18  2.12  0.82   0.08 0.22 0.06   0 0  0.35  0.48 0.32 0.18  EAR_R

# Antlers (Astas doradas / marfil)
BOX -0.14  2.26  0.86   0.05 0.45 0.05   0 0 -0.25  0.85 0.80 0.65  ANTLER_L1
BOX -0.24  2.48  0.92   0.04 0.26 0.04   0.40 0 -0.10  0.85 0.80 0.65  ANTLER_L2
BOX  0.14  2.26  0.86   0.05 0.45 0.05   0 0  0.25  0.85 0.80 0.65  ANTLER_R1
BOX  0.24  2.48  0.92   0.04 0.26 0.04   0.40 0  0.10  0.85 0.80 0.65  ANTLER_R2

# 4 Legs (Pivots at hip/shoulder Y = 0.95)
BOX -0.20  0.50  0.45   0.13 0.95 0.13   0 0 0  0.44 0.28 0.15  LEG_FL
BOX  0.20  0.50  0.45   0.13 0.95 0.13   0 0 0  0.44 0.28 0.15  LEG_FR
BOX -0.20  0.50 -0.45   0.14 0.95 0.14   0 0 0  0.44 0.28 0.15  LEG_BL
BOX  0.20  0.50 -0.45   0.14 0.95 0.14   0 0 0  0.44 0.28 0.15  LEG_BR

# White tail
BOX  0.00  1.25 -0.65   0.10 0.18 0.12  -0.45 0 0  0.88 0.85 0.80  TAIL
