# Ancient Fortress Tower with Wide Spiral Walkway & Battlements
# Format: BOX PosX PosY PosZ ScaleX ScaleY ScaleZ RotX RotY RotZ R G B Name

# -------------------------------------------------------------
# 1. FOUNDATION & CORNER BASTIONS
# -------------------------------------------------------------
BOX   0.0 -2.0   0.0   16.4  4.4 16.4   0 0 0   0.24 0.24 0.26  BASE_FOUNDATION
BOX   0.0  0.2   0.0   12.4  0.4 12.4   0 0 0   0.34 0.34 0.37  GROUND_FLOOR

# 4 Corner Pillars / Bastions (Full height from Y=0 to Y=16.5m)
BOX   5.7  8.0   5.7    2.6 16.2  2.6   0 0 0   0.28 0.28 0.31  PILLAR_SE
BOX   5.7  8.0  -5.7    2.6 16.2  2.6   0 0 0   0.28 0.28 0.31  PILLAR_NE
BOX  -5.7  8.0  -5.7    2.6 16.2  2.6   0 0 0   0.28 0.28 0.31  PILLAR_NW
BOX  -5.7  8.0   5.7    2.6 16.2  2.6   0 0 0   0.28 0.28 0.31  PILLAR_SW

# Central Tower Core (Hollow support core)
BOX   0.0  7.0   0.0    4.0 14.0  4.0   0 0 0   0.22 0.22 0.25  CENTRAL_CORE

# -------------------------------------------------------------
# 2. OUTER ENCLOSURE WALLS & ENTRANCE
# -------------------------------------------------------------
# South Entrance Wall (Ground Arch)
BOX  -3.6  2.0   6.0    3.0  4.0  0.8   0 0 0   0.32 0.32 0.35  WALL_S_LEFT
BOX   3.6  2.0   6.0    3.0  4.0  0.8   0 0 0   0.32 0.32 0.35  WALL_S_RIGHT
BOX   0.0  4.2   6.0    4.8  0.8  0.8   0 0 0   0.26 0.26 0.28  ARCH_LINTEL_S

# East Outer Wall (Outer barrier for Staircase 1)
BOX   6.2  7.0   0.0    0.8 14.0 10.0   0 0 0   0.30 0.30 0.33  OUTER_WALL_EAST

# North Outer Wall (Outer barrier for Staircase 2)
BOX   0.0  9.5  -6.2   10.0  9.0  0.8   0 0 0   0.30 0.30 0.33  OUTER_WALL_NORTH

# West Outer Wall (Outer barrier for Staircase 3)
BOX  -6.2 11.5   0.0    0.8  5.0 10.0   0 0 0   0.30 0.30 0.33  OUTER_WALL_WEST

# South Upper Wall (Balcony wall above entrance)
BOX   0.0  9.5   6.0   10.0  9.0  0.8   0 0 0   0.30 0.30 0.33  WALL_S_UPPER

# -------------------------------------------------------------
# 3. STAIRCASE FLIGHT 1 (South -> North along East Wall, Y=0.4m -> 4.5m)
# -------------------------------------------------------------
BOX   4.4  0.55  4.0    2.4  0.45 0.95  0 0 0   0.40 0.40 0.43  STEP_1_1
BOX   4.4  0.95  3.05   2.4  0.45 0.95  0 0 0   0.37 0.37 0.40  STEP_1_2
BOX   4.4  1.35  2.10   2.4  0.45 0.95  0 0 0   0.40 0.40 0.43  STEP_1_3
BOX   4.4  1.75  1.15   2.4  0.45 0.95  0 0 0   0.37 0.37 0.40  STEP_1_4
BOX   4.4  2.15  0.20   2.4  0.45 0.95  0 0 0   0.40 0.40 0.43  STEP_1_5
BOX   4.4  2.55 -0.75   2.4  0.45 0.95  0 0 0   0.37 0.37 0.40  STEP_1_6
BOX   4.4  2.95 -1.70   2.4  0.45 0.95  0 0 0   0.40 0.40 0.43  STEP_1_7
BOX   4.4  3.35 -2.65   2.4  0.45 0.95  0 0 0   0.37 0.37 0.40  STEP_1_8
BOX   4.4  3.75 -3.60   2.4  0.45 0.95  0 0 0   0.40 0.40 0.43  STEP_1_9
BOX   4.4  4.15 -4.55   2.4  0.45 0.95  0 0 0   0.37 0.37 0.40  STEP_1_10

# Landing 1 (Northeast Balcony, Y = 4.5m)
BOX   4.2  4.40 -4.5    3.4  0.50 3.4   0 0 0   0.35 0.35 0.38  LANDING_1

# -------------------------------------------------------------
# 4. STAIRCASE FLIGHT 2 (East -> West along North Wall, Y=4.5m -> 9.0m)
# -------------------------------------------------------------
BOX   2.3  4.85 -4.5    0.95 0.45 2.4   0 0 0   0.40 0.40 0.43  STEP_2_1
BOX   1.35 5.25 -4.5    0.95 0.45 2.4   0 0 0   0.37 0.37 0.40  STEP_2_2
BOX   0.40 5.65 -4.5    0.95 0.45 2.4   0 0 0   0.40 0.40 0.43  STEP_2_3
BOX  -0.55 6.05 -4.5    0.95 0.45 2.4   0 0 0   0.37 0.37 0.40  STEP_2_4
BOX  -1.50 6.45 -4.5    0.95 0.45 2.4   0 0 0   0.40 0.40 0.43  STEP_2_5
BOX  -2.45 6.85 -4.5    0.95 0.45 2.4   0 0 0   0.37 0.37 0.40  STEP_2_6
BOX  -3.40 7.25 -4.5    0.95 0.45 2.4   0 0 0   0.40 0.40 0.43  STEP_2_7
BOX  -4.35 7.65 -4.5    0.95 0.45 2.4   0 0 0   0.37 0.37 0.40  STEP_2_8
BOX  -4.90 8.05 -4.5    0.95 0.45 2.4   0 0 0   0.40 0.40 0.43  STEP_2_9
BOX  -5.10 8.45 -4.5    0.95 0.45 2.4   0 0 0   0.37 0.37 0.40  STEP_2_10

# Landing 2 (Northwest Balcony, Y = 9.0m)
BOX  -4.5  8.90 -4.5    3.4  0.50 3.4   0 0 0   0.35 0.35 0.38  LANDING_2

# -------------------------------------------------------------
# 5. STAIRCASE FLIGHT 3 (North -> South along West Wall, Y=9.0m -> 14.0m)
# -------------------------------------------------------------
BOX  -4.5  9.35 -2.65   2.4  0.45 0.95  0 0 0   0.40 0.40 0.43  STEP_3_1
BOX  -4.5  9.75 -1.70   2.4  0.45 0.95  0 0 0   0.37 0.37 0.40  STEP_3_2
BOX  -4.5 10.15 -0.75   2.4  0.45 0.95  0 0 0   0.40 0.40 0.43  STEP_3_3
BOX  -4.5 10.55  0.20   2.4  0.45 0.95  0 0 0   0.40 0.40 0.43  STEP_3_4
BOX  -4.5 10.95  1.15   2.4  0.45 0.95  0 0 0   0.37 0.37 0.40  STEP_3_5
BOX  -4.5 11.35  2.10   2.4  0.45 0.95  0 0 0   0.40 0.40 0.43  STEP_3_6
BOX  -4.5 11.75  3.05   2.4  0.45 0.95  0 0 0   0.37 0.37 0.40  STEP_3_7
BOX  -4.5 12.15  4.00   2.4  0.45 0.95  0 0 0   0.40 0.40 0.43  STEP_3_8
BOX  -4.5 12.55  4.80   2.4  0.45 0.95  0 0 0   0.37 0.37 0.40  STEP_3_9
BOX  -4.5 13.10  5.30   2.4  0.55 1.00  0 0 0   0.40 0.40 0.43  STEP_3_10
BOX  -2.5 13.65  5.30   2.2  0.55 1.20  0 0 0   0.38 0.38 0.40  STEP_3_11

# -------------------------------------------------------------
# 6. TOP BATTLEMENT / OBSERVATION DECK (Y = 14.0m)
# -------------------------------------------------------------
# Spacious Roof Platform with Open Stairwell
BOX   2.30 13.90  0.0    7.4  0.50 12.0   0 0 0   0.36 0.36 0.39  ROOF_FLOOR_MAIN
BOX  -3.65 13.90 -2.60   4.5  0.50  6.8   0 0 0   0.36 0.36 0.39  ROOF_FLOOR_SIDE

# Stairwell Safety Railings (Inner Balustrades)
BOX  -3.65 14.50  0.80   4.5  0.70  0.35  0 0 0   0.32 0.32 0.35  STAIR_RAILING_N
BOX  -1.40 14.50  2.60   0.35 0.70  3.6   0 0 0   0.32 0.32 0.35  STAIR_RAILING_E

# Crenelated Battlements (Almenas) around Roof Perimeter (Height 1.4m)
BOX   0.0 14.90  6.0   12.4  1.40  0.5   0 0 0   0.32 0.32 0.35  BATTLEMENT_S
BOX   0.0 14.90 -6.0   12.4  1.40  0.5   0 0 0   0.32 0.32 0.35  BATTLEMENT_N
BOX   6.0 14.90  0.0    0.5  1.40 12.4   0 0 0   0.32 0.32 0.35  BATTLEMENT_E
BOX  -6.0 14.90  0.0    0.5  1.40 12.4   0 0 0   0.32 0.32 0.35  BATTLEMENT_W

# Battlements Merlons (Dientes defensivos)
BOX  -4.0 15.80  6.0    1.4  0.60  0.6   0 0 0   0.28 0.28 0.30  MERLON_S1
BOX   0.0 15.80  6.0    1.4  0.60  0.6   0 0 0   0.28 0.28 0.30  MERLON_S2
BOX   4.0 15.80  6.0    1.4  0.60  0.6   0 0 0   0.28 0.28 0.30  MERLON_S3

BOX  -4.0 15.80 -6.0    1.4  0.60  0.6   0 0 0   0.28 0.28 0.30  MERLON_N1
BOX   0.0 15.80 -6.0    1.4  0.60  0.6   0 0 0   0.28 0.28 0.30  MERLON_N2
BOX   4.0 15.80 -6.0    1.4  0.60  0.6   0 0 0   0.28 0.28 0.30  MERLON_N3

BOX   6.0 15.80 -3.0    0.6  0.60  1.4   0 0 0   0.28 0.28 0.30  MERLON_E1
BOX   6.0 15.80  3.0    0.6  0.60  1.4   0 0 0   0.28 0.28 0.30  MERLON_E2

# Center Pedestal for the Grand Tower Chest
BOX   0.0 14.25  0.0    2.2  0.30  2.2   0 0 0   0.50 0.42 0.28  CHEST_PEDESTAL
BOX   0.0 14.45  0.0    1.8  0.15  1.8   0 0 0   0.85 0.72 0.22  PEDESTAL_GOLD_TRIM

# -------------------------------------------------------------
# 7. CORNER BRAZIERS & ETERNAL FLAMES (Roof corners)
# -------------------------------------------------------------
BOX   5.7 16.5   5.7    0.6  0.80  0.6   0 0 0   0.20 0.20 0.22  BRAZIER_SE
BOX   5.7 17.1   5.7    0.4  0.50  0.4   0 0 0   0.98 0.65 0.12  FLAME_SE

BOX   5.7 16.5  -5.7    0.6  0.80  0.6   0 0 0   0.20 0.20 0.22  BRAZIER_NE
BOX   5.7 17.1  -5.7    0.4  0.50  0.4   0 0 0   0.98 0.65 0.12  FLAME_NE

BOX  -5.7 16.5  -5.7    0.6  0.80  0.6   0 0 0   0.20 0.20 0.22  BRAZIER_NW
BOX  -5.7 17.1  -5.7    0.4  0.50  0.4   0 0 0   0.98 0.65 0.12  FLAME_NW

BOX  -5.7 16.5   5.7    0.6  0.80  0.6   0 0 0   0.20 0.20 0.22  BRAZIER_SW
BOX  -5.7 17.1   5.7    0.4  0.50  0.4   0 0 0   0.98 0.65 0.12  FLAME_SW
